[[ 4.40000000e+01  6.19639154e-01  6.26195335e-01  9.46288188e-01
   8.24792074e-01  6.87153547e-01  2.03037882e-01  7.74963124e-01
   9.31213339e-01  7.07087800e-01  8.60625926e-01  8.65532252e-01
   7.86493197e-01  7.31500625e-01  7.56972711e-01  4.92497818e-01
   4.62403163e-01  8.13083470e-01  4.44770980e-01]
 [ 3.10000000e+01  4.89229817e-01  7.18128532e-01  1.01569356e-01
   5.46064318e-02  3.58842879e-02  8.85971601e-01  2.66524030e-01
   2.53561665e-01  8.04528618e-01  6.39709824e-01  8.87757963e-01
   4.15496129e-01  9.31183620e-01  2.20581043e-01  7.55734424e-01
   6.84364968e-01  1.60154391e-01  9.99832971e-01]
 [ 2.00000000e+01  9.01995501e-01  2.36616789e-01  9.87631854e-01
   8.31502603e-01  6.23573513e-01  3.33361948e-01  8.66334469e-01
   7.09856651e-01  5.68247094e-01  2.23655817e-01  4.74308064e-01
   3.65515040e-01  5.15273895e-01  1.01322657e-02  9.19794697e-01
   2.30249502e-01  4.67494134e-01  8.40674710e-01]
 [ 1.20000000e+01  4.55462382e-01  8.30306149e-01  4.11473346e-01
   5.71697430e-01  3.78363671e-01  9.99871629e-01  8.22519393e-01
   4.14496147e-01  2.06747885e-01  9.16223474e-01  2.34324344e-01
   3.68971788e-01  1.89115722e-01  9.80622449e-01  5.47584698e-01
   7.73701023e-01  2.28186517e-01  5.08413444e-02]
 [ 8.00000000e+00  9.57432349e-01  8.32925425e-01  1.19660263e-01
   4.74685176e-01  6.53672288e-01  1.27760241e-01  5.49621188e-01
   1.26980440e-01  1.38839664e-01  1.31967073e-01  1.65075930e-01
   4.34567309e-01  3.44426913e-01  3.60268798e-01  2.91894449e-01
   1.60593702e-01  1.67306851e-01  1.58631120e-01]
 [ 2.00000000e+00  9.93253383e-01  7.87320088e-02  7.98838402e-01
   2.01389463e-01  8.08311830e-01  4.31262176e-01  1.73426580e-01
   5.30945233e-01  5.97243906e-01  7.18104369e-01  6.79014536e-02
   6.36874188e-01  1.49666262e-01  1.98032633e-02  1.89468767e-01
   8.87447497e-01  3.95946341e-01  2.69607453e-01]
 [ 0.00000000e+00  4.67288904e-01  6.36053711e-02  7.26553920e-01
   8.36993607e-01  3.09159008e-01  9.88655061e-01  2.43892549e-01
   2.83491216e-01  8.46890380e-01  8.51501180e-01  1.89965910e-01
   9.00294524e-01  5.52254814e-01  2.05442484e-01  4.55094778e-01
   2.50233985e-01  9.90266573e-01  7.13269759e-02]
 [ 0.00000000e+00  7.79508289e-01  4.18976482e-01  8.37985845e-01
   9.17753551e-01  5.80340771e-01  9.28731253e-01  2.44470774e-01
   8.86319402e-02  9.21386049e-01  4.08127503e-01  8.03866367e-01
   5.36022263e-01  2.88801158e-01  4.51798842e-01  4.62138460e-01
   8.43291742e-01  1.86841872e-01  6.58252121e-01]
 [-4.00000000e+00  1.96811933e-02  8.49647442e-02  7.27091603e-01
   9.87853922e-01  9.72119491e-01  7.65843902e-01  9.12245898e-01
   6.68326252e-01  9.63062717e-01  1.63275826e-01  5.20832715e-01
   7.08034283e-02  1.18703416e-02  7.35169787e-01  1.06776724e-01
   3.98082357e-01  2.09445366e-01  2.67220366e-01]
 [-2.00000000e+01  3.31162259e-01  1.65038101e-01  6.20361771e-01
   1.61220001e-01  6.95221356e-01  6.78096727e-01  5.09158420e-01
   3.60226960e-02  6.35887094e-01  8.94836140e-01  6.35500354e-01
   3.58468790e-01  1.15918088e-02  1.54663554e-01  2.80684992e-01
   5.63276119e-01  8.14416924e-02  5.89229368e-02]]
