0.2951968057644462
0.8348048391510788
0.535714994340343
0.5553171986745382
0.5929959213670425
0.9929608996003219
0.9002938827797016
0.3869149475667726
0.536000686201563
0.47559571010730317
0.0368549168960453
0.841303298951061
0.07277054913188585
0.9235464591823415
-1.126635239814859
0.7175465333624759
0.4947330472255753
-0.8132083044715277
-0.7666580520055502
0.14002327180900875
0.9416045075626559
0.708585039130529
0.251345521454457
0.9331127522063141
0.6203082464795442
0.6728116161069224
0.6337182287074784
0.11875546145828231
0.1063198730076258
0.34002079015046527
0.27229072906120166
0.4687509733123226
0.6129382037601968
0.3005213794900423
0.36940853202599044
0.17992067034007075
0.2657440825635111
0.6582576233299485
0.28295174375902604
0.49551832785678096
0.7372229495336449
0.9184656891779068
0.7845104968099366
-0.9269315246808417
0.6992394025081257
0.8885729735515792
0.6856281765051699
0.876796905533032
-0.6503869913557874
0.6792729203761199
0.8311130343821932
0.05839915027361009
0.4216920460620436
0.9446493045007934
0.29263076305338276
0.45095212959404457
0.2930631472862967
0.9733891512795461
0.49369785761465923
0.7040252710557512
37.0
0.2951968057644462
0.8348048391510788
0.535714994340343
0.5553171986745382
0.25061656755460016
0.30495209509641785
0.3127087748281644
0.5583042867825556
0.5692321916126324
0.04665657947738455
0.12869936795167547
0.9868691583463154
0.3786911366627701
0.24719679475845024
0.5831092940919096
0.03955064217828186
0.05615169616088589
0.7782574524393406
0.31818396162895146
0.9653969620425987
0.0884869193179264
0.9058318469951359
0.5318379865089006
0.6831565485683173
0.13711154902879796
0.29751309371544143
0.12904827932636553
0.601039654797625
0.2721058607001854
0.9727429423716796
0.22950559891640132
0.1929893473905676
0.6129382037601968
0.3005213794900423
0.36940853202599044
0.17992067034007075
0.2657440825635111
0.6582576233299485
0.28295174375902604
0.49551832785678096
0.7372229495336449
0.9184656891779068
0.7845104968099366
-0.9269315246808417
0.6992394025081257
0.8885729735515792
0.7612363727232387
0.6217617496097058
0.5170033803885572
0.9675369332604631
0.6453213438759583
0.37719199310510065
0.5207678760677614
0.9446493045007934
0.29263076305338276
0.45095212959404457
0.2930631472862967
0.9733891512795461
0.49369785761465923
0.7040252710557512